shop_id,shop_id,item_revenue,item_cnt_day
2,966879,99070.5,81.0
3,335745,67443.0,33.0
4,498624,29361.0,39.0
5,620868,33138.0,45.0
6,1266894,116352.0,150.0
7,669045,52371.0,63.0
10,310137,22707.0,30.0
12,1647339,212196.39999999898,216.0
14,421977,33456.0,51.0
15,1210026,125139.0,93.0
16,704436,119526.0,66.0
18,798573,35391.0,96.0
19,500601,61008.0,60.0
21,1758747,224818.5,180.0
22,894054,124665.0,141.0
24,598098,56955.0,69.0
25,3282900,281796.0,312.0
26,1282839,119025.0,111.0
27,1936338,156324.0,180.0
28,2424117,175614.0,246.0
29,884454,85737.0,72.0
31,3896166,268098.0,402.0
34,334746,12117.0,18.0
35,809610,89337.0,84.0
37,778842,212103.0,63.0
38,444330,73482.0,66.0
39,819180,30369.0,54.0
41,427194,36840.0,30.0
42,3004773,327863.99999999994,249.0
44,602433,143069.99999999997,51.0
45,762702,49107.0,96.0
46,1108329,93185.39999999998,99.0
47,757767,80142.0,78.0
48,673335,32745.0,63.0
49,452067,35784.0,33.0
50,617757,142008.0,69.0
51,200076,9285.0,24.0
52,620196,65512.01999999999,72.0
53,799296,49893.0,78.0
54,2058129,119352.0,195.0
55,854331,72612.6,180.0
56,667113,47109.0,75.0
57,3976677,219234.0,324.0
58,1880592,135318.0,168.0
59,1075056,112352.99999999997,111.0
