item_id,shop_id,item_price,item_cnt_day
30,84,507.0,3.0
31,18,1089.0,3.0
32,93,447.0,3.0
42,162,897.0,3.0
59,171,747.0,3.0
74,75,1497.0,3.0
109,162,747.0,3.0
259,162,747.0,3.0
464,36,897.0,3.0
482,222,19800.0,12.0
486,438,4500.0,21.0
492,165,1800.0,3.0
493,165,750.0,3.0
494,36,1140.0,3.0
686,36,4500.0,3.0
687,141,1800.0,3.0
787,66,1260.0,3.0
799,165,75.0,3.0
803,165,300.0,3.0
806,150,1494.0,12.0
837,66,13800.0,3.0
839,192,19800.0,6.0
970,264,2094.0,6.0
971,81,1047.0,3.0
1007,45,3597.0,3.0
1010,162,1497.0,3.0
1045,126,597.0,3.0
1114,150,1549.5,0.0
1143,171,1197.0,3.0
1201,21,897.0,3.0
1204,18,897.0,3.0
1256,63,447.0,3.0
1260,162,3744.0,3.0
1310,12,747.0,3.0
1315,81,1347.0,3.0
1364,291,3591.0,9.0
1370,54,297.0,3.0
1373,165,237.60000000000002,3.0
1384,327,1788.0,6.0
1389,66,5994.0,3.0
1390,75,4194.0,3.0
1467,222,7194.0,6.0
1469,270,10791.0,9.0
1523,63,2397.0,-3.0
1534,66,3897.0,3.0
1535,75,5997.0,3.0
1556,30,7368.0,3.0
1563,177,10794.0,6.0
1568,480,29985.0,15.0
1569,57,8997.0,3.0
1570,207,17994.0,6.0
1670,15,1497.0,3.0
1682,18,1347.0,3.0
1744,93,897.0,3.0
1824,105,84.0,3.0
1826,105,84.0,3.0
1855,42,2397.0,3.0
1857,105,5997.0,3.0
1858,93,3597.0,3.0
1866,141,8997.0,3.0
1875,165,5997.0,18.0
1876,327,23391.0,9.0
1877,276,21594.0,6.0
1878,210,15594.0,0.0
1880,105,8547.0,3.0
1883,105,11997.0,3.0
1892,141,2094.0,3.0
1905,384,2988.0,12.0
1914,72,747.0,3.0
1941,141,2094.0,3.0
1968,54,174.0,3.0
1969,1545,190152.0,66.0
1970,51,80991.0,12.0
1971,603,107976.0,27.0
2047,219,1188.0,9.0
2049,237,5988.0,6.0
2070,465,882.0,9.0
2140,144,1047.0,3.0
2252,417,3591.0,9.0
2254,63,4197.0,3.0
2269,429,5391.0,9.0
2283,279,5994.0,6.0
2284,84,8997.0,3.0
2286,93,8997.0,3.0
2293,141,5994.0,9.0
2297,114,7794.0,3.0
2308,357,1791.0,9.0
2354,54,1194.0,3.0
2416,345,7671.0,15.0
2429,144,5397.0,3.0
2442,138,3597.0,3.0
2445,159,3594.0,9.0
2517,63,1197.0,3.0
2574,150,1347.0,3.0
2575,75,6297.0,-3.0
2578,84,1047.0,3.0
2592,99,2994.0,6.0
2690,57,4794.0,-3.0
2734,114,2097.0,3.0
2753,156,897.0,3.0
2755,75,2997.0,3.0
2760,156,1197.0,3.0
2766,18,597.0,3.0
2778,129,594.0,6.0
2799,189,2994.0,6.0
2808,369,8991.0,9.0
2813,213,5394.0,6.0
2817,93,11397.0,3.0
2819,96,13188.0,6.0
2851,177,2127.0299999999997,3.0
2852,168,3996.0,18.0
2853,168,3996.0,18.0
2861,288,10794.0,6.0
2868,93,2997.0,3.0
2871,6,2997.0,3.0
2878,123,10497.0,3.0
2881,6,2997.0,3.0
2918,132,2115.63,3.0
2919,177,2552.8500000000004,3.0
2934,168,1347.0,3.0
2937,171,2598.0,3.0
2939,168,1347.0,3.0
2946,63,1347.0,-3.0
2954,303,4280.28,6.0
2959,177,1914.12,3.0
2969,54,84.0,6.0
2975,45,6597.0,3.0
2976,105,6597.0,3.0
3007,171,5970.0,3.0
3025,165,5397.0,6.0
3026,18,7797.0,3.0
3027,177,8997.0,3.0
3028,168,15594.0,6.0
3054,126,6897.0,3.0
3071,660,16779.0,24.0
3072,273,20994.0,6.0
3077,162,3597.0,3.0
3084,93,897.0,3.0
3108,156,1047.0,3.0
3115,21,1047.0,3.0
3141,234,7080.0,6.0
3146,72,7770.0,3.0
3148,171,5550.0,3.0
3156,165,2250.0,3.0
3170,18,897.0,3.0
3234,66,1494.0,3.0
3236,66,7194.0,3.0
3238,75,7194.0,3.0
3243,177,4497.0,3.0
3251,291,348.0,6.0
3303,54,84.0,3.0
3327,81,447.0,3.0
3329,204,7194.0,6.0
3331,57,2397.0,3.0
3340,165,10794.0,6.0
3341,648,31188.0,15.0
3342,279,26991.0,9.0
3343,174,7797.0,3.0
3423,75,4197.0,3.0
3443,66,5397.0,3.0
3447,111,6294.0,3.0
3460,57,5397.0,3.0
3461,18,8997.0,3.0
3472,12,1647.0,3.0
3473,165,1497.0,3.0
3476,81,2397.0,3.0
3477,114,4797.0,3.0
3484,177,20397.0,3.0
3553,267,25191.0,12.0
3580,141,897.0,3.0
3605,144,1047.0,3.0
3617,162,897.0,3.0
3633,54,4797.0,3.0
3641,174,897.0,3.0
3656,153,660.0,3.0
3692,9,3897.0,3.0
3695,159,3597.0,3.0
3708,237,5394.0,9.0
3728,165,5997.0,9.0
3729,165,5997.0,12.0
3734,129,20394.0,6.0
3735,36,13497.0,3.0
3753,81,1797.0,3.0
3777,84,1047.0,3.0
3801,63,897.0,3.0
3842,111,8397.0,3.0
3928,30,5577.0,3.0
3934,84,10497.0,3.0
3967,48,897.0,3.0
4003,84,1347.0,3.0
4014,42,2994.0,3.0
4029,114,174.0,3.0
4102,792,7989.0,33.0
4103,78,6147.0,3.0
4138,345,5394.0,9.0
4178,237,14310.0,9.0
4181,405,10710.0,9.0
4190,66,3576.0,3.0
4192,165,4470.0,6.0
4228,174,3597.0,3.0
4231,72,6897.0,3.0
4240,45,3897.0,3.0
4241,21,2094.0,3.0
4242,21,3897.0,3.0
4334,93,2397.0,3.0
4351,174,1197.0,3.0
4352,78,5097.0,3.0
4355,75,7197.0,3.0
4357,42,1197.0,3.0
4365,171,3031.3500000000004,3.0
4367,66,4197.0,3.0
4393,84,3594.0,3.0
4424,135,897.0,3.0
4427,168,897.0,3.0
4445,144,897.0,3.0
4467,132,2962.7400000000002,3.0
4471,18,2994.0,3.0
4493,9,2097.0,3.0
4498,150,2094.0,3.0
4516,252,3141.0,9.0
4548,66,6270.0,3.0
4554,93,897.0,6.0
4557,126,1197.0,3.0
4628,93,897.0,3.0
4639,147,4797.0,3.0
4701,162,897.0,3.0
4717,384,3588.0,12.0
4728,447,2241.0,9.0
4736,114,174.0,3.0
4806,459,1485.0,21.0
4807,156,2394.0,6.0
4808,411,3591.0,9.0
4870,837,31176.0,24.0
4871,135,2997.0,6.0
4872,177,7194.0,6.0
4873,54,3597.0,3.0
4899,165,4047.0,6.0
4904,63,1197.0,6.0
4906,387,23988.0,12.0
4962,117,2394.0,6.0
4977,141,5697.0,3.0
4996,126,5397.0,3.0
5013,87,2094.0,3.0
5037,150,15594.0,6.0
5046,63,1047.0,3.0
5051,54,1047.0,3.0
5240,153,4794.0,6.0
5247,114,8997.0,3.0
5272,231,1794.0,6.0
5305,93,897.0,3.0
5341,255,8394.0,6.0
5361,177,84.0,3.0
5362,114,1494.0,3.0
5380,375,41880.0,12.0
5459,147,2094.0,6.0
5467,54,4947.0,3.0
5485,57,1047.0,3.0
5509,138,897.0,3.0
5572,264,11340.0,6.0
5581,18,1497.0,3.0
5601,90,2394.0,6.0
5634,138,9570.0,3.0
5638,138,9570.0,3.0
5643,393,35880.0,15.0
5655,126,3870.0,3.0
5658,75,2397.0,3.0
5663,276,33210.0,9.0
5666,231,31410.0,9.0
5669,132,10470.0,3.0
5672,75,10470.0,3.0
5674,156,1497.0,3.0
5759,165,2397.0,9.0
5760,165,4497.0,3.0
5811,171,597.0,3.0
5820,255,19194.0,6.0
5821,810,26376.0,24.0
5822,957,31023.0,36.0
5823,261,33588.0,12.0
5827,75,1047.0,3.0
5828,141,1647.0,3.0
5830,18,1647.0,3.0
5834,171,2997.0,3.0
5837,162,1497.0,3.0
5900,48,3597.0,3.0
5917,165,177.0,3.0
5962,234,4194.0,6.0
6027,84,897.0,3.0
6028,75,7497.0,3.0
6051,93,1197.0,3.0
6092,141,3597.0,3.0
6108,177,294.0,3.0
6117,153,1494.0,6.0
6126,618,14985.0,15.0
6128,390,22491.0,9.0
6129,339,17991.0,9.0
6156,66,297.0,3.0
6185,75,1497.0,3.0
6226,93,597.0,3.0
6236,159,897.0,3.0
6252,156,1794.0,6.0
6254,231,7494.0,6.0
6285,18,1047.0,3.0
6297,282,9894.0,6.0
6308,111,1794.0,6.0
6351,225,2694.0,6.0
6406,54,294.0,3.0
6422,42,174.0,3.0
6432,162,594.0,3.0
6474,81,747.0,3.0
6496,93,747.0,3.0
6497,192,8994.0,6.0
6503,423,21558.0,12.0
6625,63,2997.0,3.0
6628,12,2097.0,3.0
6641,54,294.0,3.0
6675,339,242910.0,9.0
6710,138,3594.0,6.0
6713,258,10194.0,9.0
6738,249,2994.0,15.0
6740,408,4491.0,18.0
6768,111,8397.0,3.0
6861,42,1494.0,3.0
6875,138,897.0,3.0
6877,12,597.0,3.0
6930,87,6597.0,3.0
7003,156,1197.0,3.0
7018,171,2997.0,3.0
7085,75,4194.0,6.0
7087,267,8991.0,9.0
7093,165,687.0,3.0
7172,195,15594.0,6.0
7211,126,744.0,3.0
7220,246,11691.0,9.0
7233,267,3594.0,6.0
7308,168,3141.0,9.0
7351,21,897.0,3.0
7369,54,897.0,3.0
7493,117,1047.0,3.0
7498,279,2094.0,6.0
7655,57,897.0,3.0
7723,156,8997.0,3.0
7736,585,3588.0,12.0
7739,231,888.0,9.0
7741,147,897.0,3.0
7780,174,2874.0,6.0
7793,93,7797.0,3.0
7794,81,7494.0,3.0
7798,36,5394.0,3.0
7805,243,2988.0,6.0
7812,78,17670.0,3.0
7834,57,2397.0,3.0
7846,21,3897.0,3.0
7852,114,747.0,3.0
7853,162,1197.0,3.0
7856,195,7191.0,12.0
7872,327,588.0,6.0
7877,105,11970.0,-3.0
7894,270,20610.0,12.0
7917,36,594.0,3.0
7933,75,3570.0,3.0
7956,126,20970.0,3.0
7966,165,7797.0,6.0
7967,165,2997.0,3.0
8008,225,1794.0,9.0
8012,93,897.0,3.0
8040,165,225.0,3.0
8061,30,2202.0,3.0
8065,126,1197.0,6.0
8073,72,1197.0,3.0
8078,45,297.0,3.0
8079,390,4788.0,12.0
8093,177,3243.4500000000003,3.0
8095,132,1497.0,-3.0
8204,126,1347.0,3.0
8209,171,174.0,3.0
8218,18,747.0,3.0
8245,144,747.0,3.0
8312,144,594.0,3.0
8352,18,3597.0,3.0
8366,156,1647.0,3.0
8436,36,747.0,3.0
8448,177,13470.0,3.0
8452,249,14340.0,9.0
8455,72,20940.0,6.0
8469,75,1047.0,3.0
8508,63,2097.0,3.0
8510,48,747.0,3.0
8532,36,16500.0,3.0
8537,75,1047.0,3.0
8569,81,2394.0,9.0
8570,114,2994.0,6.0
8571,144,897.0,3.0
8624,87,447.0,3.0
8625,138,597.0,3.0
8672,117,507.0,3.0
8702,345,2394.0,6.0
8778,12,297.0,3.0
8807,138,174.0,3.0
8808,75,297.0,3.0
8819,174,2397.0,3.0
8845,126,793.74,3.0
8856,75,897.0,3.0
8874,174,1797.0,3.0
8888,75,597.0,3.0
8930,45,297.0,3.0
8958,42,1497.0,3.0
8961,150,507.0,3.0
8981,264,3591.0,9.0
9048,138,507.0,3.0
9055,57,297.0,3.0
9121,165,150.0,6.0
9124,165,150.0,12.0
9355,633,6282.0,24.0
9394,168,897.0,3.0
9396,189,1794.0,6.0
9401,72,897.0,3.0
9405,114,897.0,3.0
9406,15,1047.0,3.0
9409,306,2094.0,6.0
9411,126,1047.0,3.0
9451,66,1197.0,3.0
9457,171,897.0,3.0
9458,165,660.0,6.0
9462,36,1137.0,3.0
9495,264,594.0,6.0
9496,171,297.0,3.0
9497,171,297.0,3.0
9498,171,297.0,3.0
9499,171,297.0,3.0
9532,246,2394.0,6.0
9541,159,1047.0,3.0
9554,105,597.0,3.0
9697,93,5397.0,3.0
9786,174,507.0,3.0
9862,168,297.0,3.0
9873,21,597.0,3.0
9929,75,174.0,3.0
9994,75,1347.0,3.0
10003,162,297.0,3.0
10164,84,597.0,3.0
10205,165,3237.0,3.0
10216,156,894.0,6.0
10266,93,897.0,3.0
10277,162,747.0,3.0
10296,126,4327.29,3.0
10337,78,447.0,3.0
10357,138,597.0,3.0
10360,138,597.0,3.0
10378,93,447.0,3.0
10379,171,447.0,3.0
10382,75,1197.0,3.0
10455,150,594.0,6.0
10476,861,12933.0,33.0
10477,126,4797.0,3.0
10478,660,14382.0,18.0
10489,6,1197.0,3.0
10500,18,1497.0,3.0
10513,126,4497.0,3.0
10515,87,507.0,3.0
10517,66,5547.0,3.0
10553,171,1197.0,3.0
10578,75,897.0,3.0
10583,165,597.0,3.0
10614,36,840.0,3.0
10615,93,1797.0,3.0
10617,75,2067.0,3.0
10633,93,2697.0,3.0
10659,333,5994.0,6.0
10678,126,4497.0,3.0
10726,297,2394.0,6.0
10768,174,1047.0,3.0
10782,78,747.0,3.0
10784,78,1197.0,3.0
10785,78,1047.0,3.0
10786,78,897.0,3.0
10788,78,747.0,3.0
10826,6,84.0,3.0
10829,171,174.0,3.0
10842,168,1197.0,3.0
10855,48,807.51,3.0
10891,162,597.0,3.0
10937,150,597.0,3.0
10940,162,3444.0,3.0
11094,171,297.0,3.0
11106,93,597.0,3.0
11133,126,597.0,3.0
11134,93,237.0,3.0
11142,171,747.0,3.0
11181,228,594.0,6.0
11184,75,597.0,3.0
11185,96,2094.0,6.0
11200,162,447.0,3.0
11222,171,897.0,3.0
11227,45,297.0,3.0
11244,162,207.0,3.0
11245,171,84.0,3.0
11247,456,4788.0,12.0
11286,165,1197.0,3.0
11306,63,1347.0,6.0
11311,63,2697.0,3.0
11339,75,1047.0,3.0
11369,36,2565.0,6.0
11370,36,699.0,30.0
11372,36,2442.0,6.0
11373,36,1149.999999999,9.0
11389,141,2697.0,3.0
11431,147,474.0,6.0
11454,171,147.0,3.0
11460,177,297.0,3.0
11496,96,1014.0,6.0
11498,156,998.01,3.0
11575,45,297.0,3.0
11595,93,297.0,3.0
11652,75,1197.0,3.0
11655,522,22027.17,12.0
11688,123,687.0,6.0
11711,93,897.0,3.0
11786,6,84.0,3.0
11795,93,597.0,3.0
11796,138,447.0,3.0
11800,126,447.0,3.0
11811,126,3597.0,3.0
11893,288,1014.0,6.0
11899,84,297.0,3.0
11904,123,447.0,3.0
11926,789,33630.0,33.0
11927,990,20754.0,51.0
11938,174,297.0,3.0
11968,111,447.0,3.0
12028,36,297.0,3.0
12062,93,297.0,3.0
12064,162,297.0,3.0
12090,63,1197.0,3.0
12091,84,1497.0,3.0
12104,171,294.0,3.0
12105,174,294.0,3.0
12206,276,22491.0,9.0
12286,159,84.0,3.0
12319,30,210.0,3.0
12353,171,1197.0,3.0
12361,93,297.0,3.0
12362,150,2394.0,6.0
12363,126,2703.54,3.0
12399,63,297.0,3.0
12411,81,597.0,3.0
12436,126,297.0,3.0
12463,159,597.0,3.0
12465,234,1194.0,6.0
12475,159,597.0,3.0
12477,105,597.0,3.0
12488,18,2394.0,3.0
12527,75,1347.0,3.0
12552,63,597.0,3.0
12610,168,1047.0,3.0
12709,18,1197.0,3.0
12730,75,4470.0,3.0
12778,126,597.0,3.0
12781,150,447.0,3.0
12797,93,597.0,3.0
12826,126,297.0,3.0
12839,84,297.0,3.0
12917,171,747.0,3.0
12933,135,447.0,3.0
12944,144,294.0,3.0
13041,45,297.0,3.0
13071,48,1797.0,3.0
13097,165,3000.0,12.0
13099,165,1500.0,6.0
13104,174,1197.0,3.0
13105,171,1497.0,3.0
13119,171,897.0,3.0
13144,54,294.0,3.0
13151,156,594.0,3.0
13159,162,897.0,3.0
13166,162,747.0,3.0
13205,18,897.0,12.0
13229,63,1497.0,3.0
13230,63,1497.0,3.0
13268,126,1497.0,3.0
13341,165,450.0,3.0
13342,165,450.0,3.0
13359,165,450.0,3.0
13367,66,897.0,3.0
13387,102,1794.0,18.0
13400,45,59970.0,3.0
13401,111,82176.0,3.0
13405,111,76176.0,3.0
13442,132,83970.0,3.0
13494,219,89940.0,6.0
13505,420,10791.0,12.0
13511,87,4497.0,3.0
13512,141,4497.0,3.0
13517,258,14340.0,6.0
13557,288,14994.0,6.0
13560,36,11997.0,3.0
13591,84,5397.0,3.0
13674,75,4947.0,6.0
13687,75,5397.0,3.0
13697,432,7086.0,9.0
13721,81,687.0,3.0
13723,75,687.0,3.0
13753,36,602.4000000000001,15.0
13755,171,897.0,3.0
13802,1155,16467.0,39.0
13803,177,4794.0,9.0
13812,93,297.0,3.0
13825,171,2997.0,3.0
13827,63,507.0,3.0
13851,21,507.0,3.0
13856,75,84.0,3.0
13869,111,1047.0,3.0
13880,159,597.0,6.0
13881,81,1797.0,3.0
13970,189,294.0,6.0
14019,168,894.0,9.0
14039,150,207.0,3.0
14044,75,1197.0,3.0
14075,171,444.0,3.0
14092,144,174.0,3.0
14093,171,174.0,3.0
14102,126,2247.0,3.0
14125,126,5409.75,3.0
14143,48,1887.78,3.0
14169,54,294.0,3.0
14216,75,897.0,3.0
14223,93,897.0,3.0
14227,345,1188.0,12.0
14228,357,1188.0,12.0
14229,54,297.0,6.0
14243,351,3591.0,9.0
14254,177,747.0,3.0
14256,6,297.0,3.0
14258,45,897.0,3.0
14259,6,297.0,3.0
14280,162,1047.0,3.0
14306,126,2997.0,3.0
14307,135,2247.0,3.0
14308,84,507.0,3.0
14313,168,597.0,3.0
14368,6,84.0,3.0
14386,66,447.0,3.0
14437,297,3141.0,9.0
14444,171,174.0,3.0
14446,171,507.0,6.0
14457,291,1014.0,6.0
14458,219,1794.0,6.0
14500,126,597.0,3.0
14506,171,1197.0,3.0
14510,171,87.0,3.0
14597,84,597.0,3.0
14628,93,597.0,3.0
14652,198,1194.0,0.0
14654,105,447.0,3.0
14710,306,2394.0,6.0
14716,6,147.0,3.0
14720,6,147.0,3.0
14755,171,297.0,3.0
14810,330,474.0,6.0
14822,81,3777.0,6.0
14830,93,1017.0,3.0
14844,171,4068.0,12.0
14845,162,597.0,6.0
14846,138,597.0,3.0
14860,171,174.0,3.0
14865,126,597.0,3.0
15022,54,297.0,3.0
15023,54,174.0,3.0
15031,117,1170.0,3.0
15040,81,1797.0,3.0
15044,159,1788.0,6.0
15045,180,4194.0,6.0
15047,6,4497.0,3.0
15063,171,1347.0,3.0
15066,123,2397.0,3.0
15085,162,2097.0,3.0
15088,162,2397.0,3.0
15112,393,1908.0,15.0
15114,75,747.0,3.0
15193,162,897.0,3.0
15212,45,1005.0,3.0
15229,36,4497.0,3.0
15240,135,3594.0,6.0
15257,81,3597.0,3.0
15261,36,2097.0,3.0
15265,36,2097.0,3.0
15283,48,4497.0,3.0
15286,93,5697.0,3.0
15319,126,3747.0,3.0
15334,45,861.0,3.0
15336,93,1587.0,3.0
15392,138,2337.0,3.0
15395,105,1947.0,3.0
15398,162,3387.0,3.0
15438,171,3147.0,3.0
15443,48,1887.0,3.0
15450,78,2997.0,3.0
15456,75,1947.0,3.0
15470,63,747.0,3.0
15480,93,1797.0,3.0
15489,6,3447.0,3.0
15519,141,897.0,3.0
15521,141,1797.0,3.0
15548,111,597.0,3.0
15552,126,5306.5199999999995,3.0
15555,171,174.0,3.0
15615,93,1197.0,3.0
15645,84,1197.0,3.0
15650,171,84.0,3.0
15685,150,4194.0,6.0
15698,234,891.0,9.0
15702,105,447.0,3.0
15739,81,1497.0,3.0
15746,75,1797.0,6.0
15757,18,597.0,3.0
15778,171,507.0,3.0
15787,75,1197.0,3.0
15799,126,897.0,3.0
15812,210,5994.0,6.0
15817,564,5985.0,15.0
15818,498,10485.0,15.0
15844,75,1047.0,3.0
15850,147,3477.0,3.0
15856,81,2697.0,3.0
15857,219,8094.0,6.0
15866,147,3897.0,3.0
15922,84,6447.0,3.0
15938,93,7794.0,6.0
15941,171,7047.0,3.0
15989,117,2994.0,6.0
16003,114,4497.0,3.0
16032,93,1497.0,3.0
16038,135,897.0,3.0
16042,174,1497.0,3.0
16055,219,3594.0,6.0
16056,360,9588.0,12.0
16057,54,1857.0,3.0
16058,93,1347.0,3.0
16061,174,5997.0,3.0
16083,93,1347.0,3.0
16113,81,4797.0,3.0
16116,174,3954.0,6.0
16128,171,4497.0,3.0
16136,81,3597.0,3.0
16137,228,2394.0,6.0
16147,78,1797.0,3.0
16160,75,5997.0,3.0
16167,126,2397.0,3.0
16169,345,1794.0,6.0
16174,87,2397.0,3.0
16177,21,5997.0,3.0
16179,174,5847.0,3.0
16182,15,4497.0,3.0
16184,57,1347.0,3.0
16205,87,1077.0,3.0
16206,132,2397.0,3.0
16209,156,1077.0,3.0
16210,57,1077.0,3.0
16227,174,1497.0,3.0
16245,222,6594.0,6.0
16249,66,2697.0,3.0
16261,36,2547.0,3.0
16310,75,3837.0,3.0
16356,93,597.0,3.0
16359,162,747.0,3.0
16360,84,2397.0,3.0
16434,171,1197.0,3.0
16441,81,297.0,3.0
16450,111,447.0,3.0
16487,159,2394.0,6.0
16493,63,1197.0,3.0
16524,171,237.0,3.0
16555,93,147.0,3.0
16595,45,297.0,3.0
16671,135,897.0,3.0
16676,78,1197.0,3.0
16677,156,998.01,-3.0
16788,264,12594.0,6.0
16790,120,26091.0,9.0
16825,174,23994.0,6.0
16826,75,14997.0,3.0
16859,63,84.0,3.0
16880,228,1194.0,6.0
16889,84,297.0,3.0
16896,168,2394.0,6.0
16904,144,447.0,3.0
16922,171,1197.0,3.0
16923,84,1797.0,6.0
17027,84,1197.0,3.0
17042,159,447.0,3.0
17046,327,3591.0,12.0
17048,174,2097.0,3.0
17104,75,1197.0,3.0
17130,255,348.0,6.0
17302,162,474.0,6.0
17322,270,1341.0,9.0
17365,123,297.0,3.0
17375,126,1350.42,3.0
17398,183,594.0,6.0
17403,126,4347.0,3.0
17457,21,597.0,3.0
17467,264,2394.0,6.0
17493,171,84.0,3.0
17500,93,1497.0,3.0
17565,171,1197.0,3.0
17620,156,897.0,3.0
17654,117,11997.0,3.0
17662,96,22113.0,12.0
17717,1050,59034.0,60.0
17748,177,2094.0,6.0
17750,36,10470.0,3.0
17769,144,297.0,3.0
17785,234,1014.0,6.0
17875,45,444.0,3.0
17880,117,1089.0,3.0
17887,279,2022.0,6.0
17891,135,1305.0,6.0
17956,171,507.0,3.0
18015,165,900.0,3.0
18026,81,897.0,6.0
18030,81,897.0,3.0
18042,294,2511.6,12.0
18046,81,897.0,3.0
18048,165,1794.0,6.0
18049,81,897.0,3.0
18050,219,1614.6000000000001,6.0
18051,138,717.5999999999999,3.0
18052,156,1614.6000000000001,9.0
18106,165,22794.0,6.0
18147,87,297.0,3.0
18148,84,1347.0,3.0
18163,162,897.0,3.0
18209,171,897.0,3.0
18253,162,897.0,3.0
18257,54,597.0,3.0
18360,15,597.0,3.0
18380,171,597.0,3.0
18407,243,1791.0,9.0
18431,153,501.0,3.0
18439,84,597.0,3.0
18441,90,1494.0,6.0
18454,411,1791.0,9.0
18464,15,597.0,3.0
18476,15,297.0,3.0
18477,432,2241.0,9.0
18484,15,597.0,3.0
18589,6,297.0,3.0
18622,111,507.0,3.0
18625,147,1197.0,3.0
18626,123,2097.0,3.0
18672,126,897.0,3.0
18677,93,597.0,3.0
18699,321,1194.0,6.0
18704,144,597.0,3.0
18834,117,447.0,3.0
18848,126,297.0,3.0
18882,162,237.0,3.0
18884,174,474.0,6.0
18923,63,1197.0,3.0
18953,249,168.0,6.0
18958,135,1497.0,3.0
18975,78,447.0,3.0
19037,135,1047.0,3.0
19041,246,1494.0,6.0
19043,141,597.0,3.0
19046,105,897.0,3.0
19050,147,3294.0,6.0
19051,126,1797.0,3.0
19093,105,897.0,3.0
19116,738,7182.0,18.0
19118,81,4194.0,6.0
19126,174,594.0,3.0
19134,339,3294.0,6.0
19161,63,1197.0,3.0
19162,63,2247.0,3.0
19216,162,297.0,3.0
19258,156,897.0,3.0
19288,165,1500.0,3.0
19295,36,2997.0,3.0
19307,66,2397.0,3.0
19334,36,1050.0,3.0
19339,36,1047.0,3.0
19370,36,666.0,3.0
19405,75,1197.0,3.0
19434,165,150.0,3.0
19436,141,6393.0,9.0
19438,123,17994.0,6.0
19439,45,11997.0,3.0
19597,129,1014.0,6.0
19602,129,1014.0,6.0
19647,147,594.0,3.0
19686,75,1197.0,3.0
19692,93,507.0,3.0
19752,441,663.5999999999999,9.0
19771,171,507.0,3.0
19794,447,1341.0,9.0
19806,174,1197.0,3.0
19816,84,2397.0,3.0
19817,315,4491.0,9.0
19836,162,297.0,3.0
19893,75,1347.0,3.0
19894,93,1497.0,3.0
19986,75,5997.0,3.0
19993,72,294.0,3.0
20055,264,2394.0,9.0
20069,84,294.0,3.0
20195,36,2160.0,3.0
20225,1122,12933.0,33.0
20226,78,2397.0,3.0
20231,45,297.0,3.0
20259,258,894.0,6.0
20269,63,507.0,3.0
20311,171,174.0,3.0
20337,174,3297.0,3.0
20346,174,3297.0,3.0
20347,111,5547.0,3.0
20405,78,7197.0,3.0
20434,84,5697.0,3.0
20465,93,4197.0,3.0
20521,81,5997.0,3.0
20540,78,4497.0,3.0
20544,81,5997.0,3.0
20608,333,17991.0,9.0
20610,87,3297.0,3.0
20611,201,13494.0,6.0
20613,216,6594.0,9.0
20614,126,3297.0,3.0
20641,36,11397.0,3.0
20654,36,5697.0,3.0
20739,126,1497.0,3.0
20773,36,3297.0,3.0
20916,84,5157.0,3.0
20920,141,5157.0,3.0
20949,1569,219.0,93.0
20957,75,3594.0,3.0
21260,138,3117.0,3.0
21358,9,1797.0,3.0
21361,546,22788.0,12.0
21362,636,16155.0,15.0
21363,408,36468.0,12.0
21364,1944,22848.0,66.0
21365,1095,29670.0,36.0
21366,750,36456.0,27.0
21367,768,17976.0,24.0
21368,48,4497.0,3.0
21377,93,405.59999999999997,3.0
21386,246,1417.8,9.0
21387,36,5097.0,3.0
21388,78,2997.0,3.0
21400,171,594.0,6.0
21414,126,793.74,3.0
21420,159,447.0,3.0
21427,96,1014.0,6.0
21440,114,894.0,6.0
21447,126,447.0,3.0
21485,162,1974.0,9.0
21486,165,630.0,3.0
21591,126,1197.0,3.0
21605,81,297.0,3.0
21669,171,447.0,3.0
21674,15,1197.0,3.0
21677,6,147.0,3.0
21679,162,447.0,3.0
21684,162,447.0,3.0
21704,171,507.0,3.0
21726,36,297.0,3.0
21761,177,2316.09,3.0
21762,126,4497.0,3.0
21793,93,2997.0,3.0
21842,84,447.0,3.0
21881,381,2691.0,9.0
21893,150,84.0,3.0
21902,45,297.0,3.0
21922,87,594.0,6.0
21962,138,3747.0,3.0
21976,93,4497.0,3.0
22058,162,507.0,3.0
22073,105,297.0,3.0
22076,171,84.0,3.0
22087,309,1071.0,9.0
22088,465,2142.0,27.0
22091,126,1074.0,6.0
22092,144,537.0,3.0
22104,84,747.0,6.0
22140,117,652.5,3.0
22162,618,5985.0,18.0
