Shop ID,Shop Profit,Items Sold
2,99070.5,81.0
3,67443.0,33.0
4,29361.0,39.0
5,33138.0,45.0
6,116352.0,150.0
7,52371.0,63.0
10,22707.0,30.0
12,212196.39999999898,216.0
14,33456.0,51.0
15,125139.0,93.0
16,119526.0,66.0
18,35391.0,96.0
19,61008.0,60.0
21,224818.5,180.0
22,124665.0,141.0
24,56955.0,69.0
25,281796.0,312.0
26,119025.0,111.0
27,156324.0,180.0
28,175614.0,246.0
29,85737.0,72.0
31,268098.0,402.0
34,12117.0,18.0
35,89337.0,84.0
37,212103.0,63.0
38,73482.0,66.0
39,30369.0,54.0
41,36840.0,30.0
42,327863.99999999994,249.0
44,143069.99999999997,51.0
45,49107.0,96.0
46,93185.39999999998,99.0
47,80142.0,78.0
48,32745.0,63.0
49,35784.0,33.0
50,142008.0,69.0
51,9285.0,24.0
52,65512.01999999999,72.0
53,49893.0,78.0
54,119352.0,195.0
55,72612.6,180.0
56,47109.0,75.0
57,219234.0,324.0
58,135318.0,168.0
59,112352.99999999997,111.0
